10.86808400	14 00 00 00 00 00 00
10.87753760	13 00 00 00 00 00 00
11.83021520	14 00 00 00 00 00 00
12.60945200	f3 00 00 00 00 00 00
13.58812880	14 00 00 00 00 00 00
13.59781520	13 00 00 00 00 00 00
14.54728400	14 00 00 00 00 00 00
15.50931920	14 00 00 00 00 00 00
16.47077840	14 00 00 00 00 00 00
17.42622480	14 00 00 00 00 00 00
17.71719040	14 00 00 00 00 00 00
17.78077360	f3 00 00 00 00 00 00
18.32016320	14 00 00 00 00 00 00
18.38588880	13 00 00 00 00 00 00
18.38659520	14 00 00 00 00 00 00
18.40213360	13 00 00 00 00 00 00
19.34238480	14 00 00 00 00 00 00
19.35931120	14 00 00 00 00 00 00
20.30059840	14 00 00 00 00 00 00
20.31752640	14 00 00 00 00 00 00
21.26357520	14 00 00 00 00 00 00
21.28051360	14 00 00 00 00 00 00
22.22206000	14 00 00 00 00 00 00
22.24089920	14 00 00 00 00 00 00
22.75326160	11 0a c2 0a 00 c8 00
22.85924320	11 0a c0 0a 00 c8 00
22.97078400	11 0a c0 0a 00 c8 00
23.08244880	11 0a bc 0a 00 c8 00
23.18462880	14 00 00 00 00 00 00
23.19323120	11 0a b9 0a 00 c8 00
23.30390480	11 0a b5 0a 00 c8 00
23.41462160	11 0a b2 0a 00 c8 00
23.52534080	11 0a ae 0a 00 c8 00
23.63699680	11 0a aa 0a 00 c8 00
23.74876480	11 0a a6 0a 00 c8 00
23.86031840	11 0a a2 0a 00 c8 00
23.97102080	11 0a 9e 0a 00 c8 00
24.08265920	11 0a 9a 0a 00 c8 00
24.14285760	14 00 00 00 00 00 00
24.19434080	11 0a c2 0a 00 c8 00
24.30604400	11 0a be 0a 00 c8 00
24.41673680	11 0a ba 0a 00 c8 00
24.52746880	11 0a b7 0a 00 c8 00
24.63908400	11 0a b4 0a 00 c8 00
24.74516000	11 0a b0 0a 00 c8 00
24.85071120	11 0a c2 0a 00 c8 00
24.95802720	11 0a c2 0a 00 c8 00
25.05450320	13 00 00 00 00 00 00
25.10115360	14 00 00 00 00 00 00
25.18890560	11 0a d4 07 00 ff 00
25.30146720	11 0a d3 07 00 ff 00
25.41409760	11 0a d2 07 00 ff 00
25.52577760	11 0a ce 07 00 ff 00
25.63650000	11 0a cb 07 00 ff 00
25.74713520	11 0a c7 07 00 ff 00
25.85881040	11 0a c3 07 00 ff 00
25.96955760	11 0a bf 07 00 ff 00
26.06316720	14 00 00 00 00 00 00
26.08034480	11 0a bb 07 00 ff 00
26.19191840	11 0a b7 07 00 ff 00
26.30355840	11 0a b2 07 00 ff 00
26.41521120	11 0a ae 07 00 ff 00
26.52700160	11 0a a9 07 00 ff 00
26.63855280	11 0a a4 07 00 ff 00
26.74744160	11 0a 9f 07 00 ff 00
26.85806320	11 0a 99 07 00 ff 00
26.96976160	11 0a 93 07 00 ff 00
27.02432880	13 00 00 00 00 00 00
27.02505760	14 00 00 00 00 00 00
27.25231200	11 0a d4 06 00 ff 00
27.36203360	11 0a d4 06 00 ff 00
27.47367680	11 0a d4 06 00 ff 00
27.50098320	13 00 00 00 00 00 00
27.78392480	11 0a d4 06 00 ff 00
27.89455520	11 0a d4 06 00 ff 00
27.98048960	14 00 00 00 00 00 00
28.00488000	11 0a d0 06 00 ff 00
28.11512480	11 0a cd 06 00 ff 00
28.22623920	11 0a c9 06 00 ff 00
28.33645680	11 0a c5 06 00 ff 00
28.44822480	11 0a c1 06 00 ff 00
28.55885760	11 0a bd 06 00 ff 00
28.66953520	11 0a b9 06 00 ff 00
28.78117200	11 0a b5 06 00 ff 00
28.89284080	11 0a b0 06 00 ff 00
28.93584240	14 00 00 00 00 00 00
29.00450160	11 0a ac 06 00 ff 00
29.11525040	11 0a a6 06 00 ff 00
29.22598240	11 0a d4 06 00 ff 00
29.26035440	13 00 00 00 00 00 00
29.40349040	11 0a d4 05 00 ff 00
29.51417280	11 0a d2 05 00 ff 00
29.62684160	11 0a d2 05 00 ff 00
29.73753200	11 0a cf 05 00 ff 00
29.84914800	11 0a cb 05 00 ff 00
29.89215600	14 00 00 00 00 00 00
29.96081040	11 0a c7 05 00 ff 00
30.07247600	11 0a c3 05 00 ff 00
30.18322480	11 0a bf 05 00 ff 00
30.29489600	11 0a bc 05 00 ff 00
30.40464480	11 0a b7 05 00 ff 00
30.51550480	11 0a b3 05 00 ff 00
30.62702160	11 0a ae 05 00 ff 00
30.73488800	11 0a d4 05 00 ff 00
30.80287520	13 00 00 00 00 00 00
30.85419120	14 00 00 00 00 00 00
31.01459760	11 0a d4 04 00 ff 00
31.07938000	13 00 00 00 00 00 00
31.40488800	11 0a d4 04 00 ff 00
31.51648560	11 0a d1 04 00 ff 00
31.62719280	11 0a ce 04 00 ff 00
31.73796000	11 0a c9 04 00 ff 00
31.81437120	14 00 00 00 00 00 00
31.84766240	11 0a c6 04 00 ff 00
31.95837360	11 0a c2 04 00 ff 00
32.07004880	11 0a d4 04 00 ff 00
32.18169840	11 0a d0 04 00 ff 00
32.29063760	11 0a cc 04 00 ff 00
32.40126800	11 0a d4 04 00 ff 00
32.51023200	11 0a d0 04 00 ff 00
32.62167760	11 0a cd 04 00 ff 00
32.73352720	11 0a c9 04 00 ff 00
32.77548000	14 00 00 00 00 00 00
32.84313520	11 0a c5 04 00 ff 00
32.95288560	11 0a c1 04 00 ff 00
33.06451760	11 0a be 04 00 ff 00
33.17536720	11 0a ba 04 00 ff 00
33.22800720	13 00 00 00 00 00 00
33.39768320	11 0a 9e 03 00 ff 00
33.50772320	11 0a 9d 03 00 ff 00
33.61812240	11 0a 9b 03 00 ff 00
33.72973440	11 0a 98 03 00 ff 00
33.73845920	14 00 00 00 00 00 00
33.83966640	11 0a 95 03 00 ff 00
33.95028400	11 0a 92 03 00 ff 00
34.06283280	11 0a 90 03 00 ff 00
34.17448560	11 0a 8c 03 00 ff 00
34.28519520	11 0a 89 03 00 ff 00
34.39514000	11 0a 86 03 00 ff 00
34.50598880	11 0a 82 03 00 ff 00
34.61548080	11 0a 9c 03 00 ff 00
34.70137760	14 00 00 00 00 00 00
34.72708320	11 0a 99 03 00 ff 00
34.83783120	11 0a 97 03 00 ff 00
34.94855440	11 0a 94 03 00 ff 00
35.06023760	11 0a 91 03 00 ff 00
35.17184160	11 0a 8e 03 00 ff 00
35.28254480	11 0a 8b 03 00 ff 00
35.38858400	11 0a 88 03 00 ff 00
35.49837440	11 0a 85 03 00 ff 00
35.60991840	11 0a 81 03 00 ff 00
35.65775840	14 00 00 00 00 00 00
35.71886320	11 0a 9d 03 00 ff 00
35.83040400	11 0a 9b 03 00 ff 00
35.94023920	11 0a 98 03 00 ff 00
36.05088640	11 0a 95 03 00 ff 00
36.16252720	11 0a 93 03 00 ff 00
36.27416640	11 0a 90 03 00 ff 00
36.38491440	11 0a 8c 03 00 ff 00
36.49563760	11 0a 89 03 00 ff 00
36.60558720	11 0a 86 03 00 ff 00
36.61403440	14 00 00 00 00 00 00
36.71797120	11 0a 82 03 00 ff 00
36.82962560	11 0a 7f 03 00 ff 00
36.94133520	11 0a 7c 03 00 ff 00
37.05109200	11 0a 77 03 00 ff 00
37.16276400	11 0a 73 03 00 ff 00
37.27438160	11 0a 6f 03 00 ff 00
37.38604400	11 0a 6a 03 00 ff 00
37.49707840	11 0a 65 03 00 ff 00
37.57321920	14 00 00 00 00 00 00
37.58179440	13 00 00 00 00 00 00
38.52901360	14 00 00 00 00 00 00
38.53904800	14 00 00 00 00 00 00
39.49060800	14 00 00 00 00 00 00
39.49912560	14 00 00 00 00 00 00
40.45169040	14 00 00 00 00 00 00
40.46020240	14 00 00 00 00 00 00
41.41380560	14 00 00 00 00 00 00
41.42225120	14 00 00 00 00 00 00
41.50666480	f3 00 00 00 00 00 00
41.60280720	13 00 00 00 00 00 00
42.56274320	14 00 00 00 00 00 00
43.52476640	14 00 00 00 00 00 00
44.48202160	14 00 00 00 00 00 00
45.44118480	14 00 00 00 00 00 00
46.39653760	14 00 00 00 00 00 00
47.35717200	14 00 00 00 00 00 00
48.31495440	14 00 00 00 00 00 00
49.27541680	14 00 00 00 00 00 00
50.23428480	14 00 00 00 00 00 00
